,id,name,element_type,total_points,quality_score
0,3,Xhaka,3,106,76.77833667609345
1,4,Elneny,3,6,2.4790993419371192
2,5,Holding,2,9,2.841533657760074
3,6,Partey,3,72,58.80187823790544
4,7,Ødegaard,3,153,95.63586098321043
5,8,Tierney,2,29,15.017017138276454
6,10,White,2,121,63.34800794560087
7,11,Nketiah,4,57,38.887439550884366
8,12,Smith Rowe,3,11,5.076511506926563
9,13,Saka,3,170,103.78141522373228
10,14,Tomiyasu,2,32,19.03479095124507
11,15,Ramsdale,1,112,62.21228588047873
12,16,Gabriel,2,124,72.16960651921448
13,19,Martinelli,3,157,94.09435024587289
14,23,Nelson,3,32,9.453680778961653
15,25,Fábio Vieira,3,35,15.358584637704908
16,26,Saliba,2,117,64.6024480146762
17,27,Marquinhos,3,1,0.02431085405184721
18,28,Jesus,4,71,58.11084221148168
19,111,Trossard,3,127,74.94165165247637
20,130,Jorginho,3,62,45.76234648629632
21,313,Zinchenko,2,88,51.15753277175251
22,630,Nwaneri,3,1,0.020259045043206008
23,710,Kiwior,2,1,0.1434340389058985
24,29,Coutinho,3,32,25.908279753504008
25,31,Martínez,1,88,57.56546871891858
26,32,Chambers,2,8,5.818397736408765
27,33,Digne,2,43,38.522776740106664
28,34,Traoré,3,2,1.9446657336973447
29,35,Olsen,1,9,6.297726742131019
30,36,Sanson,3,2,0.3059115801524107
31,37,McGinn,3,58,49.89559685601121
32,39,Mings,2,84,56.19717281670044
33,40,Watkins,4,115,81.30420733874566
34,42,Buendía,3,85,56.63841481774147
35,43,Cash,2,53,44.30794964264455
36,44,Konsa,2,72,59.51661734702974
37,45,Bailey,3,86,56.34587420731757
38,46,Douglas Luiz,3,88,63.224022589936446
39,47,Ramsey,3,74,53.396967610828504
40,50,Diego Carlos,2,3,4.871895151990181
41,53,Kamara,3,38,39.909508373314104
42,54,Archer,4,6,1.0856822238654098
43,479,Dendoncker,3,24,16.882064824953996
44,525,Augustinsson,2,2,2.4193351590596617
45,538,Young,2,54,36.261056951483134
46,694,Álex Moreno,2,33,19.179237942403123
47,711,Durán,4,6,2.578571253099261
48,57,Smith,2,57,56.81264260511305
49,58,Stanislas,3,4,2.006253230628691
50,59,Fredericks,2,12,13.016841621160722
51,60,Brooks,3,1,0.3579773259134502
52,61,Lowe,3,2,0.2459448068245209
53,62,Moore,4,52,33.70517582883227
54,63,Marcondes,3,1,0.19205574700959296
55,64,Lerma,3,67,63.533783388647066
56,65,Stacey,2,5,7.272591989610092
57,66,Solanke,4,80,60.7005559393547
58,67,Cook,3,45,44.19227049544786
59,68,Pearson,3,9,6.57324975471862
60,69,Christie,3,38,34.40998800588541
61,70,Billing,3,94,61.425019390099756
62,71,Mepham,2,27,46.698111776842005
63,72,Travers,1,25,24.648774923167885
64,73,Kelly,2,34,28.92525674133824
65,74,Dembélé,3,6,4.439161949867302
66,75,Anthony,3,49,33.50116724524718
67,76,Zemura,2,47,41.679541138739005
68,404,Stephens,2,26,20.99282765467093
69,505,Rothwell,3,20,12.409070269864543
70,535,Tavernier,3,70,47.319659278767574
71,574,Neto,1,60,39.95407827240916
72,576,Senesi,2,54,51.78272690178586
73,598,Bevan,2,1,0.17179670196638694
74,705,Ouattara,3,26,22.30723449707413
75,714,Semenyo,4,8,5.654096881108364
76,718,Viña,2,4,0.5850812208477896
77,723,H.Traorè,3,11,13.031022952690968
78,78,Jansson,2,19,13.047230188725534
79,79,Nørgaard,3,64,43.05533288762314
80,80,Toney,4,145,88.13312624190952
81,81,Raya,1,120,66.49646613576552
82,82,Canós,2,5,2.0564956623358417
83,83,Dasilva,3,61,34.38587974228399
84,84,Ajer,2,29,18.70234002208606
85,85,Henry,2,81,64.85872493447273
86,86,Janelt,3,67,47.240243822198195
87,87,Ghoddos,3,10,3.253805224389317
88,88,Jensen,3,106,67.36031181640782
89,89,Wissa,3,79,37.68567299892138
90,90,Roerslev,2,37,24.975958500615665
91,91,Bech,2,4,0.42706066951078264
92,92,Pinnock,2,65,50.37897767074209
93,93,Onyeka,3,20,14.30774797131381
94,94,Baptiste,3,17,13.171620725290818
95,95,Mbeumo,4,90,74.46009415179935
96,510,Hickey,2,37,30.009318241600194
97,515,Lewis-Potter,3,14,10.913750155225507
98,526,Mee,2,107,63.48414872829121
99,541,Dervişoğlu,4,4,0.32738616789820907
100,580,Damsgaard,3,19,16.588916443178807
101,595,Zanka,2,23,19.628380971011
102,688,Schade,3,12,6.392539072933223
103,101,Lallana,3,47,24.6084594235319
104,102,Steele,1,17,6.941154012703242
105,103,Welbeck,4,53,44.1179198001393
106,104,Groß,3,108,80.58967082007177
107,106,Dunk,2,76,59.366092642358716
108,107,March,3,119,84.41457852422909
109,108,Webster,2,51,39.025606238079035
110,109,Veltman,2,81,47.543724316945415
111,113,Sánchez,1,81,49.308894911559975
112,114,Lamptey,2,23,13.228143460961364
113,116,Mac Allister,3,94,67.26813316146122
114,118,Mwepu,3,11,6.776447976501977
115,119,Sarmiento,3,16,6.218716466462517
116,120,Caicedo,3,54,62.28440808083254
117,123,Undav,4,12,10.859861095410581
118,124,Mitoma,3,96,50.3423087992139
119,125,Enciso,4,9,6.553598481026711
120,149,Gilmour,3,7,4.2412310797951775
121,544,Van Hecke,2,3,2.284815099972773
122,559,Colwill,2,22,13.998189763053622
123,586,Estupiñán,2,79,50.81799117682837
124,596,Ferguson,4,36,17.714508985779332
125,651,Moran,3,1,0.239461912410695
126,679,Buonanotte,3,6,2.248753999795867
127,48,Chukwuemeka,3,14,7.9411404760358915
128,112,Cucurella,2,57,41.30353326273711
129,127,Azpilicueta,2,40,32.23902873905545
130,128,Thiago Silva,2,72,51.77016629385906
131,132,Kovacic,3,40,34.83259168548668
132,133,Arrizabalaga,1,88,43.682552922160795
133,134,Kanté,3,5,5.755392106324394
134,135,Ziyech,3,22,19.284382386177366
135,136,Loftus-Cheek,3,36,36.38180085994065
136,139,Chilwell,2,56,29.427275877508883
137,140,Pulisic,3,33,22.95998092836623
138,141,Chalobah,2,39,25.67651627820972
139,142,Mount,3,81,57.29480787714135
140,145,Havertz,4,88,73.27109079821359
141,146,James,2,34,31.39989909336585
142,147,Mendy,1,23,19.813548642705907
143,148,Gallagher,3,37,34.15999139005224
144,150,Broja,4,21,9.867978250095215
145,272,W.Fofana,2,23,20.491821470752445
146,304,Sterling,3,68,50.505394111811725
147,520,Koulibaly,2,62,44.1002944309517
148,616,Zakaria,3,11,8.62954282660403
149,617,Aubameyang,4,22,13.293782766901348
150,653,Hutchinson,3,1,0.597034057423281
151,661,Hall,3,8,9.576653182373912
152,684,D.D.Fofana,4,2,2.4851770554500803
153,689,Badiashile,2,31,17.829985542525606
154,690,João Félix,4,22,17.268809994828803
155,699,Mudryk,3,11,7.612741355885523
156,708,Madueke,3,6,6.598573561022628
157,724,Enzo,3,23,19.07004168962025
158,18,Sambi,3,21,16.547385400840234
159,152,Guaita,1,97,61.48822761063455
160,153,Tomkins,2,7,9.939290088647299
161,154,McArthur,3,1,0.1946894228652097
162,156,Ward,2,43,36.129575749152735
163,157,Clyne,2,43,40.490942966054114
164,158,Milivojevic,3,18,10.691305840651106
165,159,J.Ayew,3,61,56.26585097939692
166,160,Zaha,3,85,71.25815208272066
167,161,Schlupp,3,67,55.65423040954252
168,163,Hughes,3,16,11.36451390743684
169,164,Riedewald,3,4,1.1894085344866248
170,165,Andersen,2,55,55.6086475581953
171,166,Edouard,4,56,43.34523982219141
172,167,Guéhi,2,60,64.02547041184567
173,168,Mateta,4,28,21.211220160236696
174,169,Eze,3,92,61.22951960543283
175,170,Mitchell,2,63,52.903457273576
176,171,Olise,3,87,65.69116909529806
177,173,Ebiowei,3,3,0.8002322792066372
178,514,C.Doucouré,3,50,56.46276889721687
179,530,Richards,2,12,9.696991909930555
180,590,Whitworth,1,3,4.53944422283117
181,676,Ozoh,3,1,0.036466281077770814
182,725,Ahamada,3,6,2.4912547689630427
183,110,Maupay,4,34,30.523695395247195
184,176,Begović,1,9,2.5737090822888913
185,177,Rondón,4,7,3.690387645070407
186,178,Coleman,2,60,38.58517459883973
187,180,Keane,2,13,10.848921211087248
188,181,Dele,3,2,0.9821585036946273
189,182,Pickford,1,87,65.67597481151567
190,185,A.Doucouré,3,46,29.474074271558695
191,186,Iwobi,3,93,80.33319130982478
192,188,Mina,2,13,7.373887214826123
193,189,Gray,3,78,72.00874970157142
194,190,Davies,3,16,13.21821652889019
195,191,Calvert-Lewin,4,25,21.98126646232895
196,192,Holgate,2,12,10.873839836490392
197,193,Godfrey,2,11,13.552085591202227
198,194,Mykolenko,2,62,60.28767660137416
199,197,Patterson,2,24,27.663118235146506
200,199,Tarkowski,2,82,78.25400551704055
201,475,Coady,2,70,51.57365355693997
202,531,Vinagre,2,2,0.6748287903891921
203,534,McNeil,3,71,55.39714312794423
204,570,Garner,3,5,3.9685443335136243
205,577,Onana,3,64,57.72247631800342
206,611,Gueye,3,49,46.06420625744009
207,662,Cannon,4,2,1.2402587375450718
208,678,Price,3,0,1.16631322313737
209,686,Simms,4,11,4.0947581841327985
210,1,Cédric,2,4,0.9219891399163054
211,2,Leno,1,103,62.89683901248867
212,105,Duffy,2,4,0.09724341620738884
213,200,Cairney,3,25,17.36119124022582
214,201,Ream,2,88,63.05607510652827
215,203,Chalobah,3,1,0.8125902966829931
216,204,Kebano,3,35,22.056630109889674
217,205,De Cordova-Reid,3,77,64.56800763810274
218,209,Tosin,2,31,31.857956101792748
219,210,Mitrović,4,90,73.9757003848163
220,211,Reed,3,72,61.58425548413935
221,212,Wilson,3,24,12.353357895995728
222,213,Rodák,1,7,4.074499139089593
223,215,Tete,2,64,53.28513768219001
224,216,Onomah,3,2,0.3486581651935754
225,217,Robinson,2,71,58.44025428388422
226,219,Stansfield,4,7,3.1312380018779207
227,220,Palhinha,3,66,60.166122331114934
228,231,James,3,26,18.30708605329311
229,346,Andreas,3,100,78.65148798078826
230,470,Diop,2,62,37.79871847026248
231,521,Francois,3,1,0.04659580359937382
232,532,Mbabu,2,7,4.589078883187025
233,546,Harris,3,3,0.27066084177723226
234,562,Solomon,3,32,12.07418825530035
235,613,Kurzawa,2,2,3.3494279169932493
236,614,Willian,3,73,49.72197683999094
237,618,Vinícius,4,37,19.893774461077008
238,726,Lukic,3,5,5.0965679615193356
239,249,Evans,2,12,21.498088238048492
240,251,Albrighton,3,13,9.169243786555038
241,252,Mendy,3,24,15.549627432462339
242,254,Ward,1,91,61.088516651932096
243,255,Vardy,4,56,38.19782165761363
244,256,Ricardo,2,10,8.822408935415352
245,257,Amartey,2,49,40.32765506300588
246,258,Castagne,2,83,67.09815977354873
247,259,Tielemans,3,67,55.19637599156607
248,260,Pérez,3,19,14.079023352776016
249,261,Maddison,3,105,70.39916857288873
250,262,Iheanacho,4,58,29.704622204150375
251,264,Barnes,3,102,70.9007825281585
252,265,Ndidi,3,25,28.115097530060435
253,266,Dewsbury-Hall,3,75,61.736603502864256
254,267,Söyüncü,2,2,1.9150875279342638
255,268,Justin,2,45,33.67276135676314
256,269,Soumaré,3,28,23.722936564693374
257,270,Thomas,2,17,17.61402412236503
258,271,Daka,4,55,32.10005169005905
259,273,Brunt,2,1,0.5267351711233563
260,548,Iversen,1,2,1.9821449670272757
261,549,Praet,3,28,14.54477879831932
262,612,Faes,2,44,47.61118693693931
263,709,Kristiansen,2,6,10.163557717275589
264,715,Tetê,3,19,13.425466559682189
265,727,Souttar,2,11,17.57634229858467
266,221,Cooper,2,30,31.429274708678502
267,222,Ayling,2,45,38.126914999962416
268,223,Klich,3,12,8.724557747856668
269,224,Forshaw,3,6,4.120284580887238
270,225,Rodrigo,3,99,56.36876692821639
271,227,Bamford,4,45,34.1926084525718
272,228,Llorente,2,16,16.314608973293797
273,230,Koch,2,50,58.87683670456529
274,233,Harrison,3,94,65.62289611350248
275,235,Struijk,2,63,52.135842056888926
276,237,Greenwood,4,27,15.130467790518406
277,238,Meslier,1,83,63.367456628842355
278,239,Firpo,2,23,21.158546643124353
279,240,Summerville,3,65,35.06131630402448
280,242,Gelhardt,4,20,8.139476527008878
281,244,Kristensen,2,35,35.61155196739796
282,245,Roca,3,48,49.91241186339708
283,246,Aaronson,3,66,62.23659673453058
284,247,Gyabi,3,1,0.654164564445122
285,506,Adams,3,47,59.517225118381035
286,508,Sinisterra,3,26,18.407976097608277
287,547,Drameh,2,1,1.7609161951554666
288,619,Gnonto,4,46,36.04813438807905
289,659,Mateo Joseph,4,3,0.9465025844185848
290,691,Wöber,2,23,22.382192963733996
291,700,Rutter,4,8,5.533150382200424
292,720,McKennie,3,11,15.416120325627613
293,274,Milner,3,31,23.204102421136863
294,275,Henderson,3,40,37.101604730325754
295,276,Matip,2,21,21.605258586327043
296,277,Thiago,3,26,35.25641090779055
297,278,Chamberlain,3,19,10.81549378676596
298,279,Firmino,4,82,50.28153166408429
299,280,Van Dijk,2,96,58.056345380315456
300,281,Alisson,1,119,62.653325291069336
301,282,Fabinho,3,43,44.37318376768369
302,283,Salah,3,154,96.66279197645058
303,284,Robertson,2,91,61.22263153011812
304,285,Alexander-Arnold,2,96,69.35035781100196
305,286,Gomez,2,62,33.348211455170976
306,287,Keita,3,10,9.44476679914264
307,288,Diogo Jota,4,19,16.431706253643526
308,290,Konaté,2,22,17.54088896975906
309,291,Jones,3,7,6.789616355780062
310,292,Tsimikas,2,35,21.707161582894376
311,293,Luis Díaz,3,39,23.892504771705006
312,294,Elliott,3,55,47.685942813148735
313,296,Carvalho,3,26,12.95039195341901
314,297,Darwin,4,81,61.63834713440471
315,501,Phillips,2,3,2.033602941437019
316,564,Bajcetic,3,22,15.409434840763355
317,584,Clark,3,1,0.192055747009593
318,665,Doak,3,2,0.708256214710482
319,680,Gakpo,3,41,23.286961915363577
320,299,Walker,2,40,29.996352452772545
321,300,Gündogan,3,84,62.71349465484766
322,301,De Bruyne,3,129,87.58775274934642
323,302,Stones,2,63,35.134248866180016
324,303,Mahrez,3,83,44.89100495898803
325,305,Grealish,3,81,58.18580067814155
326,306,Cancelo,2,73,42.75590420188455
327,307,Ederson,1,98,57.78386122448434
328,308,Aké,2,64,42.05190238663314
329,309,Laporte,2,21,16.180291504657344
330,311,Bernardo,3,94,61.27652058993306
331,312,Dias,2,59,37.494022432812656
332,314,Foden,3,109,63.75744324592406
333,315,Rodri,3,88,76.91245155427946
334,316,Palmer,3,8,4.7685740222698305
335,318,Haaland,4,203,99.09610587659003
336,319,Álvarez,4,57,29.787886879277956
337,325,Phillips,3,4,1.9963262985575203
338,573,Lewis,2,17,15.498574638953459
339,587,Sergio Gómez,2,8,5.093731695213286
340,610,Akanji,2,63,44.49028104803342
341,712,Perrone,3,1,0.522885952565147
342,326,Ronaldo,4,20,18.116245848986107
343,327,De Gea,1,104,59.770868362321984
344,329,Varane,2,54,39.80537688179203
345,330,Maguire,2,24,13.98887060233375
346,331,Fred,3,45,34.699894940453675
347,332,Shaw,2,94,57.26279858597307
348,333,Fernandes,3,119,92.51617063700715
349,335,Rashford,3,156,84.64836790402768
350,336,Van de Beek,3,8,5.459002277342291
351,337,Lindelöf,2,21,13.489687732469154
352,338,McTominay,3,20,24.174510678706437
353,340,Sancho,3,58,34.47137291236631
354,341,Wan-Bissaka,2,37,20.957982097196613
355,342,Dalot,2,67,50.66746647215736
356,344,Elanga,3,23,14.553085006787034
357,345,Martial,4,32,17.84720573081233
358,347,Pellistri,3,2,1.0763630631455352
359,504,Malacia,2,43,23.590239819660372
360,519,Eriksen,3,74,49.44483310379987
361,533,Martínez,2,63,51.832766743042576
362,569,Garnacho,3,30,16.525100451292708
363,593,Casemiro,3,56,44.66977618711622
364,609,Antony,3,44,37.09735033086668
365,643,Mainoo,3,1,0.4657554455433061
366,701,Weghorst,4,15,16.919138877383066
367,728,Sabitzer,3,9,8.407706283380927
368,195,Gordon,3,47,43.67708297999913
369,350,Ritchie,2,5,1.2398535566442075
370,355,Dubravka,1,8,1.9554030275702436
371,356,Wilson,4,74,47.622937183064366
372,357,Trippier,2,154,87.6009211286245
373,358,Burn,2,95,59.64242601674807
374,359,Fraser,3,11,9.790386107579737
375,360,Lascelles,2,1,4.995070145852874
376,363,Manquillo,2,1,0.26417794736340633
377,364,Krafth,2,1,0.02228494954752661
378,365,Murphy,3,43,26.92224495791646
379,366,Schär,2,106,63.9580077918518
380,367,Targett,2,24,12.49800747760422
381,368,Saint-Maximin,3,49,31.992881341780496
382,369,Almirón,3,136,72.6505562485402
383,370,S.Longstaff,3,75,60.77895844367192
384,371,Joelinton,3,64,60.53747062675689
385,372,Lewis,2,1,0.26883752772334374
386,373,Willock,3,87,61.704999392596854
387,374,Bruno Guimarães,3,71,52.4818665462269
388,376,Pope,1,111,55.84851465150687
389,377,Botman,2,94,55.5776512192792
390,552,Anderson,3,12,8.373873678158771
391,594,Isak,4,52,28.878053166387573
392,295,N.Williams,2,43,41.030643926005126
393,349,Shelvey,3,14,12.609432225341852
394,354,Wood,4,53,24.74561315847441
395,379,Cook,2,20,24.661132940644244
396,381,Colback,3,14,12.155832206824469
397,383,Cafú,3,1,0.17645628232632435
398,385,McKenna,2,38,37.985709456011264
399,387,Yates,3,44,41.14936192995831
400,388,Worrall,2,44,43.21578452436533
401,391,Surridge,4,22,8.921070484775766
402,394,Johnson,4,95,72.3788824545108
403,395,Mighten,3,1,0.15255060917534125
404,397,Awoniyi,4,50,25.388432657695336
405,398,Henderson,1,82,42.977335564206804
406,399,Biancone,2,2,0.45278965671565424
407,474,Boly,2,33,15.809550980366675
408,493,Gibbs-White,3,91,76.43514845306152
409,507,Niakhaté,2,8,6.6240999577770685
410,518,Hennessey,1,4,4.984332851979974
411,523,Toffolo,2,20,17.744289781992844
412,524,O'Brien,3,22,16.296173242304484
413,527,Lingard,3,32,25.609256248666284
414,536,Mangala,3,23,18.51352572228338
415,582,Freuler,3,46,45.75322991602687
416,583,Kouyaté,3,27,19.75844404018839
417,585,Dennis,4,29,19.318214991399525
418,602,Renan Lodi,2,37,40.227372790042004
419,628,Aurier,2,57,42.06831221311814
420,681,Scarpa,3,4,4.350832513478923
421,703,Danilo,3,2,4.095365955484094
422,729,Navas,1,17,16.244715267894737
423,730,Felipe,2,8,15.81704682703266
424,734,A.Ayew,3,6,6.215880200156466
425,21,Maitland-Niles,3,27,26.32602126229491
426,321,Lavia,3,37,36.53556701181858
427,400,Walcott,3,24,15.223051626365859
428,402,Romeu,3,2,1.779757107045648
429,403,Redmond,3,1,0.02066422594407013
430,405,S.Armstrong,3,37,31.2548443308565
431,406,Elyounoussi,3,45,51.741803630798586
432,407,Ward-Prowse,3,105,90.95399567372553
433,408,A.Armstrong,4,43,33.054050121143625
434,409,Walker-Peters,2,49,49.393982900741435
435,410,Bednarek,2,27,24.542414936691056
436,411,Adams,4,90,63.40655658577573
437,413,Lyanco,2,15,18.609553595788174
438,414,Valery,2,0,1.0309828022487537
439,416,Diallo,3,18,20.05685977367481
440,417,Perraud,2,67,49.40674609911865
441,418,Djenepo,3,20,17.08506045628692
442,420,Salisu,2,33,57.0847215800433
443,422,Bazunu,1,79,63.496506745767576
444,423,Bella-Kotchap,2,44,40.06651597239895
445,512,Aribo,3,42,36.60748662172196
446,528,Mara,4,25,14.914708960808262
447,622,Larios,2,4,3.888115924692097
448,623,Caleta-Car,2,19,18.958616941882614
449,624,Edozie,3,21,16.73235048208471
450,692,Orsic,3,1,0.16815007385860986
451,693,Alcaraz,3,22,10.913547564775076
452,716,Bree,2,4,6.362150505368415
453,731,Kamaldeen,3,15,16.437378786255625
454,732,Onuachu,4,8,8.068164688456793
455,425,Lloris,1,82,48.24651058949424
456,426,Forster,1,28,16.33669133239089
457,427,Kane,4,182,111.85099804534208
458,428,Son,3,102,79.35589497694052
459,429,Doherty,2,35,21.821625187388488
460,430,Dier,2,90,64.59353403485716
461,431,Lucas Moura,3,11,4.412014829509404
462,432,Davies,2,89,53.09814669644121
463,433,Højbjerg,3,99,74.01581329400184
464,435,Sánchez,2,22,15.809753570817106
465,436,R.Sessegnon,2,35,27.604164414070773
466,439,Tanganga,2,2,3.544927701660187
467,440,Bentancur,3,71,49.27789857264386
468,441,Skipp,3,24,18.312150814553913
469,443,Romero,2,51,43.5644426895589
470,444,Bissouma,3,23,21.531718252820202
471,445,Emerson Royal,2,76,43.15662811283916
472,446,Kulusevski,3,76,54.80112202277312
473,448,Perišić,2,79,56.50126108279897
474,449,White,3,1,0.2710660226780964
475,450,Sarr,3,7,3.8044460686636556
476,454,Richarlison,4,40,27.51867124398845
477,513,Lenglet,2,42,38.28108633274121
478,522,Spence,2,4,0.5488175302204508
479,554,Bryan,3,9,4.703339897230708
480,713,Danjuma,3,1,0.6476816700312961
481,733,Pedro Porro,2,20,12.159073654031383
482,30,Ings,4,78,44.69894921197844
483,455,Fabianski,1,86,51.76186008539135
484,456,Ogbonna,2,24,17.392390169592357
485,457,Cresswell,2,43,50.17132245904925
486,458,Antonio,4,53,38.35543702804978
487,460,Lanzini,3,7,3.563363432649505
488,461,Zouma,2,60,37.55986432920307
489,463,Coufal,2,35,39.69678840036045
490,464,Benrahma,3,72,55.825216749707174
491,465,Bowen,3,94,84.6396565146591
492,467,Rice,3,79,71.01058655229266
493,468,Soucek,3,61,58.75892906241384
494,469,Fornals,3,45,31.326561350309447
495,471,Johnson,2,26,19.723801073164505
496,472,Aguerd,2,21,23.02906427196357
497,473,Areola,1,7,7.790210590464007
498,509,Downes,3,17,9.669237018221365
499,529,Scamacca,4,41,31.66022782217105
500,545,Emerson,2,28,24.66802101595893
501,556,Coventry,3,1,0.020259045043206008
502,575,Cornet,3,6,2.7558378972273134
503,588,Kehrer,2,41,41.546034031904306
504,603,Paquetá,3,59,45.39261891425782
505,669,Mubama,4,1,0.06280303963393861
506,459,Dawson,2,45,38.12590204771025
507,476,Jiménez,4,26,24.627908106773383
508,477,Jonny,2,45,34.69726126459806
509,478,Sá,1,111,65.5649552446789
510,480,Neves,3,90,74.84278751266551
511,481,Hwang,3,33,21.158546643124357
512,482,Semedo,2,46,48.38103064858113
513,483,Podence,3,74,57.10011845427613
514,484,Kilman,2,80,66.16745924426384
515,486,Neto,3,21,25.055981728536327
516,487,Aït-Nouri,2,41,30.895854052690893
517,489,Toti,2,11,8.388662781040313
518,491,Adama,3,52,39.4184291214668
519,503,Moutinho,3,52,53.19761860760337
520,516,Collins,2,44,41.48910611533288
521,558,Bueno,2,32,30.66044394928884
522,566,Hodge,3,4,4.617644136697946
523,567,Ronan,3,1,0.041125861437708196
524,568,Campbell,3,5,1.9007036059535876
525,579,Guedes,3,29,23.70895782361356
526,589,Matheus,3,52,50.58602511108367
527,608,Kalajdžić,4,1,1.1174889245832433
528,625,Diego Costa,4,15,23.820787752252055
529,629,Traoré,3,12,9.283707391049154
530,664,Lembikisa,2,1,0.49898027941416395
531,682,Cunha,4,18,13.82902673694285
532,698,Lemina,3,12,15.386136938963666
533,704,Sarabia,3,19,18.06235678917118
534,721,João Gomes,3,10,5.477235417881176
